0.784
0.482
0.608
0.693
0.712
0.746
0.766
0.781
0.789
0.789
0.794
0.792
0.789
0.794
0.794
0.798
0.799
0.798
0.798
0.799
0.799
0.799
0.799
0.799
0.799
0.799
0.799
0.799
0.799
0.799
0.799
0.799
0.799
0.799
0.799
0.799
0.799
0.799
0.799
0.799
0.799
0.799
0.799
0.799
0.799
0.799
0.799
0.799
0.799
0.799
0.799
0.799
0.799
0.799
0.799
0.799
0.799
0.799
0.799
0.799
0.799
0.799
0.799
0.799
0.799
0.799
0.799
0.799
0.799
0.799
0.799
0.799
0.799
0.799
0.799
0.799
0.799
0.799
0.799
0.799
0.799
0.799
0.799
0.799
0.799
0.799
0.799
0.799
0.799
0.799
0.799
0.799
0.799
0.799
0.799
0.799
0.799
0.799
0.799
0.799
---
0.767
0.658
0.683
0.712
0.738
0.734
0.743
0.754
0.75
0.753
0.751
0.764
0.767
0.76
0.773
0.787
0.787
0.779
0.792
0.78
0.79
0.78
0.792
0.793
0.797
0.791
0.788
0.796
0.795
0.801
0.797
0.799
0.799
0.796
0.801
0.801
0.792
0.797
0.79
0.804
0.804
0.803
0.801
0.795
0.8
0.799
0.8
0.806
0.807
0.805
0.806
0.803
0.803
0.802
0.8
0.803
0.805
0.807
0.804
0.806
0.809
0.809
0.81
0.809
0.808
0.809
0.808
0.808
0.807
0.807
0.808
0.809
0.81
0.81
0.809
0.809
0.81
0.809
0.807
0.804
0.808
0.806
0.807
0.805
0.805
0.806
0.805
0.804
0.807
0.81
0.81
0.808
0.808
0.805
0.808
0.808
0.809
0.809
0.808
0.81
---
0.692
0.726
0.743
0.736
0.742
0.743
0.749
0.751
0.745
0.746
0.749
0.748
0.75
0.759
0.756
0.755
0.761
0.755
0.749
0.752
0.753
0.763
0.762
0.76
0.759
0.767
0.748
0.749
0.755
0.764
0.753
0.768
0.766
0.764
0.773
0.776
0.766
0.763
0.748
0.756
0.756
0.758
0.762
0.769
0.771
0.763
0.766
0.769
0.764
0.769
0.774
0.764
0.764
0.766
0.76
0.765
0.766
0.764
0.773
0.774
0.777
0.769
0.771
0.78
0.77
0.773
0.77
0.766
0.77
0.771
0.762
0.766
0.763
0.763
0.768
0.767
0.771
0.765
0.767
0.765
0.768
0.772
0.77
0.765
0.771
0.766
0.765
0.772
0.774
0.776
0.772
0.763
0.761
0.761
0.768
0.77
0.775
0.771
0.771
0.774