378
771
1095
1429
1743
2001
2277
2480
2723
2947
3174
3364
3559
3756
3904
4069
4252
4394
4516
4686
4820
4938
5037
5157
5233
5332
5433
5505
5585
5684
5772
5845
5917
5974
6049
6100
6144
6210
6263
6315
6351
6401
6451
6487
6532
6571
6614
6653
6689
6728
6754
6793
6830
6858
6896
6921
6944
6977
7005
7029
7052
7071
7092
7117
7147
7167
7187
7211
7234
7251
7268
7286
7314
7328
7347
7365
7379
7393
7404
7419
7435
7447
7461
7467
7477
7489
7507
7526
7537
7547
7556
7568
7573
7582
7591
7599
7608
7615
7626
7635
---
7620
7227
6903
6569
6255
5997
5721
5518
5275
5051
4824
4634
4439
4242
4094
3929
3746
3604
3482
3312
3178
3060
2961
2841
2765
2666
2565
2493
2413
2314
2226
2153
2081
2024
1949
1898
1854
1788
1735
1683
1647
1597
1547
1511
1466
1427
1384
1345
1309
1270
1244
1205
1168
1140
1102
1077
1054
1021
993
969
946
927
906
881
851
831
811
787
764
747
730
712
684
670
651
633
619
605
594
579
563
551
537
531
521
509
491
472
461
451
442
430
425
416
407
399
390
383
372
363