429
816
1201
1527
1871
2198
2499
2748
3010
3288
3535
3770
3951
4127
4335
4506
4671
4817
4971
5079
5211
5334
5467
5554
5638
5748
5832
5937
6005
6093
6170
6250
6279
6349
6399
6470
6517
6562
6622
6662
6714
6768
6808
6849
6886
6925
6950
6998
7024
7063
7085
7108
7152
7193
7218
7238
7263
7276
7291
7303
7318
7341
7352
7374
7396
7410
7431
7454
7456
7469
7488
7508
7518
7540
7553
7562
7567
7573
7583
7595
7609
7617
7634
7645
7655
7667
7677
7683
7693
7703
7706
7712
7720
7729
7738
7736
7742
7743
7754
7761
---
7604
7217
6832
6506
6162
5835
5534
5285
5023
4745
4498
4263
4082
3906
3698
3527
3362
3216
3062
2954
2822
2699
2566
2479
2395
2285
2201
2096
2028
1940
1863
1783
1754
1684
1634
1563
1516
1471
1411
1371
1319
1265
1225
1184
1147
1108
1083
1035
1009
970
948
925
881
840
815
795
770
757
742
730
715
692
681
659
637
623
602
579
577
564
545
525
515
493
480
471
466
460
450
438
424
416
399
388
378
366
356
350
340
330
327
321
313
304
295
297
291
290
279
272