1439
2731
3948
5052
6050
7028
7869
8562
9272
9880
10475
10973
11513
11973
12387
12805
13174
13525
13880
14191
14490
14726
14970
15204
15414
15632
15853
16026
16182
16336
16466
16610
16762
16898
16990
17093
17200
17294
17372
17465
17569
17652
17747
17815
17897
17976
18053
18123
18185
18239
18283
18328
18382
18434
18484
18528
18565
18618
18672
18720
18751
18785
18815
18849
18884
18926
18952
18975
19002
19026
19055
19082
19101
19122
19148
19175
19198
19213
19233
19256
19284
19311
19330
19342
19363
19389
19406
19418
19439
19451
19467
19481
19494
19502
19512
19520
19535
19544
19555
19562
---
18527
17235
16018
14914
13916
12938
12097
11404
10694
10086
9491
8993
8453
7993
7579
7161
6792
6441
6086
5775
5476
5240
4996
4762
4552
4334
4113
3940
3784
3630
3500
3356
3204
3068
2976
2873
2766
2672
2594
2501
2397
2314
2219
2151
2069
1990
1913
1843
1781
1727
1683
1638
1584
1532
1482
1438
1401
1348
1294
1246
1215
1181
1151
1117
1082
1040
1014
991
964
940
911
884
865
844
818
791
768
753
733
710
682
655
636
624
603
577
560
548
527
515
499
485
472
464
454
446
431
422
411
404