0.985
0.6185
0.687
0.7965
0.8605
0.91
0.9315
0.948
0.969
0.9745
0.976
0.976
0.976
0.976
0.976
0.976
0.976
0.976
0.976
0.976
0.976
0.976
0.976
0.976
0.976
0.976
0.976
0.976
0.976
0.976
0.976
0.976
0.976
0.976
0.976
0.976
0.976
0.976
0.976
0.976
0.976
0.976
0.976
0.976
0.976
0.976
0.976
0.976
0.976
0.976
0.976
0.976
0.976
0.976
0.976
0.976
0.976
0.976
0.976
0.976
0.976
0.976
0.976
0.976
0.976
0.976
0.976
0.976
0.976
0.976
0.976
0.976
0.976
0.976
0.976
0.976
0.976
0.976
0.976
0.976
0.976
0.976
0.976
0.976
0.976
0.976
0.976
0.976
0.976
0.976
0.976
0.976
0.976
0.976
0.976
0.976
0.976
0.976
0.976
0.976
---
0.979
0.7655
0.837
0.891
0.8825
0.884
0.9075
0.935
0.9305
0.921
0.967
0.941
0.9425
0.9455
0.944
0.9475
0.956
0.959
0.953
0.959
0.957
0.9545
0.965
0.971
0.9745
0.979
0.978
0.971
0.9685
0.9815
0.9815
0.9815
0.9815
0.9815
0.9815
0.9815
0.9815
0.9815
0.9815
0.9815
0.9815
0.9815
0.9815
0.9815
0.9815
0.9815
0.9815
0.9815
0.9815
0.9815
0.9815
0.9815
0.9815
0.9815
0.9815
0.9815
0.9815
0.9815
0.9815
0.9815
0.9815
0.9815
0.9815
0.9815
0.9815
0.9815
0.9815
0.9815
0.9815
0.9815
0.9815
0.9815
0.9815
0.9815
0.9815
0.9815
0.9815
0.9815
0.9815
0.9815
0.9815
0.9815
0.9815
0.9815
0.9815
0.9815
0.9815
0.9815
0.9815
0.9815
0.9815
0.9815
0.9815
0.9815
0.9815
0.9815
0.9815
0.9815
0.9815
0.9815
---
0.9735
0.956
0.967
0.9515
0.932
0.934
0.962
0.9205
0.9415
0.9115
0.9615
0.9655
0.9265
0.963
0.9575
0.955
0.9665
0.947
0.97
0.96
0.946
0.9415
0.9415
0.958
0.9575
0.92
0.933
0.9655
0.969
0.948
0.946
0.9645
0.961
0.9555
0.9515
0.9495
0.947
0.957
0.958
0.9495
0.9555
0.9475
0.945
0.926
0.9285
0.9115
0.889
0.917
0.914
0.9275
0.942
0.9485
0.943
0.938
0.932
0.9385
0.947
0.9435
0.955
0.9455
0.923
0.9335
0.961
0.972
0.975
0.975
0.971
0.9595
0.9595
0.9575
0.975
0.962
0.959
0.9685
0.963
0.956
0.9665
0.969
0.9705
0.96
0.9645
0.9625
0.965
0.955
0.957
0.9625
0.9715
0.9655
0.9735
0.9645
0.9625
0.9545
0.97
0.972
0.975
0.9695
0.9735
0.967
0.9725
0.974