3392
6349
8910
10923
12547
14015
15151
16335
17252
18150
18735
19355
19853
20505
20812
21082
21503
21853
22108
22294
22450
22628
22760
22909
23119
23112
23287
23364
23458
23543
23619
23690
23775
23900
23942
23961
24022
24067
24114
24181
24203
24225
24268
24321
24354
24363
24363
24357
24371
24397
24415
24430
24459
24484
24505
24521
24543
24563
24568
24572
24581
24582
24585
24586
24590
24593
24609
24620
24635
24644
24654
24659
24664
24663
24662
24666
24666
24667
24670
24671
24682
24684
24693
24699
24704
24705
24712
24712
24712
24712
24712
24712
24712
24712
24712
24712
24712
24712
24712
24712
---
21332
18375
15814
13801
12177
10709
9573
8389
7472
6574
5989
5369
4871
4219
3912
3642
3221
2871
2616
2430
2274
2096
1964
1815
1605
1612
1437
1360
1266
1181
1105
1034
949
824
782
763
702
657
610
543
521
499
456
403
370
361
361
367
353
327
309
294
265
240
219
203
181
161
156
152
143
142
139
138
134
131
115
104
89
80
70
65
60
61
62
58
58
57
54
53
42
40
31
25
20
19
12
12
12
12
12
12
12
12
12
12
12
12
12
12