2771
5021
7130
9020
10610
12147
13235
14508
15573
16612
17189
17902
18461
19006
19560
19887
20342
20765
21083
21381
21562
21790
21944
22112
22287
22447
22568
22733
22891
23071
23138
23199
23260
23312
23348
23377
23418
23463
23505
23552
23579
23617
23657
23682
23711
23741
23772
23809
23828
23863
23897
23921
23942
23959
23983
24012
24026
24046
24064
24084
24097
24092
24099
24107
24117
24135
24148
24158
24171
24185
24201
24217
24239
24255
24271
24281
24293
24315
24332
24348
24351
24361
24368
24380
24386
24394
24402
24410
24416
24421
24428
24435
24439
24440
24444
24445
24450
24456
24464
24466
---
21988
19738
17629
15739
14149
12612
11524
10251
9186
8147
7570
6857
6298
5753
5199
4872
4417
3994
3676
3378
3197
2969
2815
2647
2472
2312
2191
2026
1868
1688
1621
1560
1499
1447
1411
1382
1341
1296
1254
1207
1180
1142
1102
1077
1048
1018
987
950
931
896
862
838
817
800
776
747
733
713
695
675
662
667
660
652
642
624
611
601
588
574
558
542
520
504
488
478
466
444
427
411
408
398
391
379
373
365
357
349
343
338
331
324
320
319
315
314
309
303
295
293