253
498
750
943
1142
1333
1507
1683
1851
2030
2202
2354
2520
2662
2832
2986
3124
3262
3404
3556
3686
3800
3930
4059
4190
4308
4409
4505
4599
4691
4797
4880
4966
5057
5127
5219
5308
5395
5486
5578
5655
5727
5788
5854
5916
5973
6043
6088
6130
6193
6245
6286
6346
6393
6437
6476
6528
6570
6608
6657
6699
6750
6782
6819
6857
6897
6934
6972
7008
7032
7061
7080
7115
7148
7186
7205
7237
7265
7290
7320
7352
7378
7412
7441
7472
7505
7530
7564
7591
7619
7649
7669
7689
7717
7746
7780
7800
7821
7846
7868
---
9655
9410
9158
8965
8766
8575
8401
8225
8057
7878
7706
7554
7388
7246
7076
6922
6784
6646
6504
6352
6222
6108
5978
5849
5718
5600
5499
5403
5309
5217
5111
5028
4942
4851
4781
4689
4600
4513
4422
4330
4253
4181
4120
4054
3992
3935
3865
3820
3778
3715
3663
3622
3562
3515
3471
3432
3380
3338
3300
3251
3209
3158
3126
3089
3051
3011
2974
2936
2900
2876
2847
2828
2793
2760
2722
2703
2671
2643
2618
2588
2556
2530
2496
2467
2436
2403
2378
2344
2317
2289
2259
2239
2219
2191
2162
2128
2108
2087
2062
2040