0.5795
0.4235
0.4485
0.515
0.5345
0.554
0.574
0.5815
0.5855
0.586
0.589
0.589
0.592
0.5935
0.597
0.595
0.593
0.595
0.5955
0.5965
0.595
0.596
0.596
0.5965
0.597
0.5965
0.5965
0.5965
0.5965
0.5965
0.5965
0.5965
0.5965
0.5965
0.5965
0.5965
0.5965
0.5965
0.5965
0.5965
0.5965
0.5965
0.5965
0.5965
0.5965
0.5965
0.5965
0.5965
0.5965
0.5965
0.5965
0.5965
0.5965
0.5965
0.5965
0.5965
0.5965
0.5965
0.5965
0.5965
0.5965
0.5965
0.5965
0.5965
0.5965
0.5965
0.5965
0.5965
0.5965
0.5965
0.5965
0.5965
0.5965
0.5965
0.5965
0.5965
0.5965
0.5965
0.5965
0.5965
0.5965
0.5965
0.5965
0.5965
0.5965
0.5965
0.5965
0.5965
0.5965
0.5965
0.5965
0.5965
0.5965
0.5965
0.5965
0.5965
0.5965
0.5965
0.5965
0.5965
---
0.57
0.4885
0.516
0.545
0.5475
0.556
0.5605
0.5715
0.5715
0.561
0.573
0.5805
0.5875
0.58
0.5795
0.57
0.5775
0.5755
0.58
0.5805
0.584
0.583
0.578
0.5845
0.58
0.585
0.5815
0.5875
0.5895
0.593
0.59
0.5725
0.594
0.5865
0.594
0.5915
0.5945
0.5945
0.5875
0.593
0.5935
0.5925
0.5935
0.5915
0.593
0.5965
0.5955
0.5945
0.592
0.5965
0.5985
0.5955
0.5955
0.598
0.5965
0.596
0.598
0.5945
0.595
0.595
0.596
0.5935
0.5965
0.5955
0.596
0.596
0.595
0.5955
0.5955
0.598
0.5945
0.5945
0.597
0.598
0.5985
0.598
0.599
0.5965
0.5965
0.5955
0.5965
0.5985
0.5985
0.5985
0.599
0.5985
0.597
0.598
0.597
0.598
0.599
0.5985
0.5985
0.6005
0.598
0.5995
0.5995
0.5995
0.5995
0.5995
---
0.572
0.584
0.592
0.598
0.6015
0.602
0.609
0.594
0.6055
0.603
0.6005
0.6055
0.597
0.6025
0.5965
0.595
0.602
0.6065
0.604
0.6035
0.611
0.6075
0.6095
0.6045
0.6015
0.61
0.6035
0.607
0.6035
0.6025
0.601
0.6035
0.602
0.6005
0.6035
0.6065
0.6105
0.61
0.603
0.61
0.602
0.6125
0.608
0.617
0.6105
0.6175
0.612
0.608
0.6
0.606
0.607
0.6075
0.609
0.6095
0.6065
0.608
0.6085
0.607
0.6055
0.606
0.6075
0.608
0.612
0.6135
0.6165
0.613
0.614
0.61
0.6145
0.6115
0.6165
0.6125
0.6075
0.609
0.609
0.606
0.6135
0.613
0.617
0.615
0.6125
0.612
0.6075
0.61
0.6115
0.608
0.615
0.6185
0.6155
0.614
0.61
0.6125
0.614
0.6145
0.609
0.61
0.611
0.61
0.6065
0.6075