1934
3646
5059
6295
7367
8206
8949
9626
10169
10649
11103
11425
11760
12049
12310
12541
12752
12908
13087
13254
13397
13501
13614
13702
13798
13893
13990
14067
14110
14155
14217
14263
14313
14359
14406
14468
14525
14554
14604
14622
14661
14687
14714
14729
14760
14781
14796
14811
14826
14844
14867
14884
14885
14904
14924
14940
14959
14952
14960
14977
14988
14995
15005
15009
15020
15016
15027
15030
15035
15050
15048
15055
15058
15065
15073
15074
15075
15081
15085
15088
15094
15098
15102
15107
15108
15110
15111
15117
15120
15120
15123
15123
15128
15132
15130
15130
15134
15136
15136
15138
---
13228
11516
10103
8867
7795
6956
6213
5536
4993
4513
4059
3737
3402
3113
2852
2621
2410
2254
2075
1908
1765
1661
1548
1460
1364
1269
1172
1095
1052
1007
945
899
849
803
756
694
637
608
558
540
501
475
448
433
402
381
366
351
336
318
295
278
277
258
238
222
203
210
202
185
174
167
157
153
142
146
135
132
127
112
114
107
104
97
89
88
87
81
77
74
68
64
60
55
54
52
51
45
42
42
39
39
34
30
32
32
28
26
26
24