1705
3161
4374
5479
6402
7191
7939
8620
9197
9668
10115
10474
10854
11163
11440
11696
11925
12135
12321
12511
12668
12813
12928
13059
13159
13286
13373
13468
13547
13623
13700
13788
13842
13888
13953
14014
14061
14111
14162
14202
14243
14285
14320
14356
14386
14423
14451
14482
14506
14536
14562
14584
14604
14620
14647
14664
14678
14691
14707
14724
14738
14754
14771
14783
14800
14815
14818
14826
14835
14847
14850
14859
14866
14875
14882
14886
14897
14905
14911
14919
14923
14925
14928
14936
14942
14948
14949
14954
14962
14965
14969
14973
14975
14978
14980
14986
14991
14991
14995
14999
---
13361
11905
10692
9587
8664
7875
7127
6446
5869
5398
4951
4592
4212
3903
3626
3370
3141
2931
2745
2555
2398
2253
2138
2007
1907
1780
1693
1598
1519
1443
1366
1278
1224
1178
1113
1052
1005
955
904
864
823
781
746
710
680
643
615
584
560
530
504
482
462
446
419
402
388
375
359
342
328
312
295
283
266
251
248
240
231
219
216
207
200
191
184
180
169
161
155
147
143
141
138
130
124
118
117
112
104
101
97
93
91
88
86
80
75
75
71
67