180
340
520
655
819
979
1114
1256
1394
1514
1647
1774
1886
2002
2105
2202
2301
2375
2457
2530
2625
2710
2794
2881
2965
3031
3101
3182
3253
3308
3380
3450
3507
3556
3608
3668
3709
3760
3811
3863
3906
3972
4022
4068
4119
4157
4198
4242
4276
4308
4349
4384
4420
4455
4482
4510
4547
4575
4599
4620
4640
4668
4698
4723
4739
4767
4785
4807
4827
4842
4855
4882
4900
4921
4944
4967
4984
4994
5006
5018
5033
5053
5062
5072
5086
5100
5116
5128
5140
5152
5166
5183
5196
5209
5221
5234
5246
5260
5270
5280
---
5808
5648
5468
5333
5169
5009
4874
4732
4594
4474
4341
4214
4102
3986
3883
3786
3687
3613
3531
3458
3363
3278
3194
3107
3023
2957
2887
2806
2735
2680
2608
2538
2481
2432
2380
2320
2279
2228
2177
2125
2082
2016
1966
1920
1869
1831
1790
1746
1712
1680
1639
1604
1568
1533
1506
1478
1441
1413
1389
1368
1348
1320
1290
1265
1249
1221
1203
1181
1161
1146
1133
1106
1088
1067
1044
1021
1004
994
982
970
955
935
926
916
902
888
872
860
848
836
822
805
792
779
767
754
742
728
718
708