0.5825
0.4285
0.4225
0.4785
0.513
0.543
0.566
0.574
0.582
0.5795
0.584
0.5845
0.587
0.5915
0.5885
0.5885
0.5915
0.59
0.5915
0.5905
0.5895
0.591
0.591
0.591
0.5915
0.591
0.592
0.592
0.5915
0.592
0.592
0.592
0.592
0.592
0.592
0.592
0.592
0.592
0.592
0.592
0.592
0.592
0.592
0.592
0.592
0.592
0.592
0.592
0.592
0.592
0.592
0.592
0.592
0.592
0.592
0.592
0.592
0.592
0.592
0.592
0.592
0.592
0.592
0.592
0.592
0.592
0.592
0.592
0.592
0.592
0.592
0.592
0.592
0.592
0.592
0.592
0.592
0.592
0.592
0.592
0.592
0.592
0.592
0.592
0.592
0.592
0.592
0.592
0.592
0.592
0.592
0.592
0.592
0.592
0.592
0.592
0.592
0.592
0.592
0.592
---
0.543
0.453
0.499
0.514
0.533
0.5395
0.521
0.529
0.5255
0.535
0.54
0.5365
0.5345
0.5365
0.543
0.543
0.552
0.5445
0.5495
0.551
0.554
0.559
0.561
0.563
0.562
0.561
0.5635
0.563
0.563
0.5605
0.5615
0.5575
0.5585
0.5605
0.5625
0.5605
0.5665
0.5655
0.5655
0.563
0.566
0.5625
0.5605
0.562
0.5635
0.567
0.565
0.5655
0.5695
0.567
0.561
0.563
0.5615
0.562
0.563
0.565
0.568
0.567
0.5705
0.57
0.5705
0.566
0.5695
0.5685
0.565
0.5645
0.5665
0.5655
0.5665
0.569
0.569
0.569
0.57
0.5705
0.569
0.571
0.5735
0.572
0.5695
0.569
0.5695
0.568
0.572
0.5715
0.5715
0.5695
0.57
0.5705
0.5685
0.569
0.5715
0.5705
0.57
0.571
0.5745
0.5735
0.5715
0.574
0.5725
0.5755
---
0.5435
0.568
0.5755
0.574
0.584
0.576
0.585
0.5845
0.5875
0.5815
0.59
0.578
0.585
0.585
0.5805
0.5905
0.5885
0.591
0.5855
0.589
0.587
0.5905
0.5905
0.593
0.5925
0.592
0.598
0.5885
0.5865
0.5965
0.597
0.5985
0.594
0.5895
0.5885
0.5835
0.584
0.5905
0.59
0.594
0.5845
0.592
0.5885
0.586
0.589
0.5865
0.5845
0.593
0.5795
0.5795
0.582
0.584
0.5905
0.5905
0.5945
0.5905
0.593
0.588
0.597
0.6065
0.598
0.603
0.605
0.5965
0.6
0.595
0.6
0.598
0.599
0.604
0.605
0.596
0.6015
0.593
0.5915
0.591
0.5895
0.597
0.595
0.598
0.6
0.6065
0.604
0.6065
0.612
0.604
0.6075
0.6015
0.6
0.594
0.598
0.5995
0.6005
0.594
0.59
0.595
0.595
0.5975
0.599
0.606