300
589
869
1077
1348
1556
1780
1952
2176
2353
2512
2666
2841
2991
3113
3249
3361
3463
3561
3655
3767
3858
3927
3998
4082
4172
4235
4290
4365
4425
4488
4546
4597
4655
4699
4746
4774
4829
4869
4913
4954
4989
5007
5049
5076
5098
5128
5162
5185
5204
5217
5236
5260
5275
5301
5331
5353
5368
5396
5412
5432
5444
5460
5478
5495
5504
5526
5545
5562
5570
5586
5586
5595
5602
5616
5627
5640
5659
5673
5684
5689
5697
5702
5705
5719
5728
5735
5740
5742
5753
5759
5764
5772
5777
5787
5790
5802
5807
5813
5815
---
5739
5450
5170
4962
4691
4483
4259
4087
3863
3686
3527
3373
3198
3048
2926
2790
2678
2576
2478
2384
2272
2181
2112
2041
1957
1867
1804
1749
1674
1614
1551
1493
1442
1384
1340
1293
1265
1210
1170
1126
1085
1050
1032
990
963
941
911
877
854
835
822
803
779
764
738
708
686
671
643
627
607
595
579
561
544
535
513
494
477
469
453
453
444
437
423
412
399
380
366
355
350
342
337
334
320
311
304
299
297
286
280
275
267
262
252
249
237
232
226
224