1593
2979
4220
5305
6264
7064
7817
8419
9026
9517
9962
10392
10737
11034
11308
11592
11831
12035
12231
12399
12569
12719
12847
12971
13105
13218
13322
13408
13481
13554
13634
13720
13780
13833
13889
13946
13985
14023
14075
14113
14166
14202
14245
14278
14316
14344
14367
14393
14420
14449
14468
14487
14514
14537
14553
14571
14579
14591
14615
14633
14657
14673
14687
14703
14715
14733
14739
14744
14755
14761
14769
14782
14792
14802
14806
14813
14817
14828
14835
14840
14846
14851
14856
14860
14862
14867
14869
14872
14874
14879
14881
14886
14890
14892
14895
14897
14899
14899
14901
14903
---
13372
11986
10745
9660
8701
7901
7148
6546
5939
5448
5003
4573
4228
3931
3657
3373
3134
2930
2734
2566
2396
2246
2118
1994
1860
1747
1643
1557
1484
1411
1331
1245
1185
1132
1076
1019
980
942
890
852
799
763
720
687
649
621
598
572
545
516
497
478
451
428
412
394
386
374
350
332
308
292
278
262
250
232
226
221
210
204
196
183
173
163
159
152
148
137
130
125
119
114
109
105
103
98
96
93
91
86
84
79
75
73
70
68
66
66
64
62