160
308
475
618
763
898
1041
1170
1300
1431
1551
1674
1768
1865
1964
2061
2159
2263
2359
2473
2557
2616
2693
2786
2847
2926
3007
3069
3129
3189
3251
3304
3354
3420
3482
3542
3580
3637
3699
3744
3791
3842
3884
3929
3973
4017
4065
4105
4152
4185
4215
4275
4305
4341
4369
4391
4423
4459
4483
4514
4537
4564
4579
4606
4638
4666
4684
4708
4735
4752
4772
4787
4804
4826
4838
4855
4867
4889
4905
4926
4945
4957
4974
4996
5006
5026
5040
5053
5068
5081
5096
5107
5121
5131
5143
5155
5170
5182
5196
5207
---
5812
5664
5497
5354
5209
5074
4931
4802
4672
4541
4421
4298
4204
4107
4008
3911
3813
3709
3613
3499
3415
3356
3279
3186
3125
3046
2965
2903
2843
2783
2721
2668
2618
2552
2490
2430
2392
2335
2273
2228
2181
2130
2088
2043
1999
1955
1907
1867
1820
1787
1757
1697
1667
1631
1603
1581
1549
1513
1489
1458
1435
1408
1393
1366
1334
1306
1288
1264
1237
1220
1200
1185
1168
1146
1134
1117
1105
1083
1067
1046
1027
1015
998
976
966
946
932
919
904
891
876
865
851
841
829
817
802
790
776
765