0.7288
0.6794
0.6338
0.5942
0.5552
0.5208
0.4892
0.4652
0.4336
0.4082
0.4146
0.4378
0.4584
0.4772
0.4986
0.5166
0.5304
0.5456
0.5552
0.569
0.5808
0.5898
0.5992
0.6096
0.6172
0.627
0.6342
0.6416
0.647
0.6526
0.6582
0.6634
0.6666
0.6714
0.6756
0.6822
0.6868
0.6908
0.6936
0.6974
0.7022
0.7066
0.7092
0.7118
0.7152
0.7174
0.7188
0.7208
0.724
0.7262
0.728
0.7296
0.7324
0.7342
0.7362
0.7372
0.739
0.7406
0.7426
0.7438
0.7452
0.7464
0.7474
0.7488
0.7498
0.7508
0.7512
0.7528
0.7548
0.7556
0.7564
0.757
0.7582
0.7592
0.7606
0.7616
0.762
0.7632
0.7644
0.7646
0.7656
0.7666
0.7668
0.7674
0.7678
0.7686
0.7692
0.7694
0.7696
0.7706
0.7718
0.7722
0.7726
0.7726
0.7734
0.774
0.7742
0.7742
0.7754
0.7758
---
0.7168
0.643
0.5742
0.514
0.4584
0.4306
0.4238
0.458
0.486
0.5136
0.5348
0.556
0.5746
0.5928
0.6108
0.6216
0.6306
0.6428
0.6558
0.6654
0.6736
0.6808
0.6858
0.695
0.7014
0.7082
0.7128
0.7186
0.7204
0.7266
0.7298
0.7344
0.738
0.7398
0.7436
0.7466
0.75
0.7528
0.7546
0.7574
0.7592
0.761
0.7634
0.7656
0.7664
0.7696
0.7718
0.7728
0.7738
0.7748
0.7762
0.7774
0.7776
0.778
0.7784
0.7794
0.78
0.7802
0.7812
0.7818
0.7828
0.7834
0.7848
0.7848
0.7856
0.7858
0.786
0.7856
0.7862
0.787
0.7876
0.7882
0.7888
0.7896
0.7898
0.7902
0.7912
0.7916
0.7914
0.7918
0.7918
0.7922
0.7926
0.7934
0.7936
0.7936
0.7942
0.7944
0.7946
0.7946
0.795
0.7954
0.7956
0.7958
0.7958
0.796
0.7962
0.7962
0.7964
0.7968
---
0.6868
0.6034
0.5224
0.4616
0.4148
0.4386
0.4734
0.5056
0.5394
0.5642
0.5854
0.6028
0.6228
0.6372
0.6476
0.6596
0.6666
0.6778
0.6848
0.6938
0.6994
0.7066
0.7128
0.7182
0.7242
0.7284
0.7312
0.7366
0.7406
0.745
0.7486
0.751
0.7538
0.7564
0.7574
0.7592
0.7604
0.763
0.7644
0.7658
0.7662
0.7688
0.7698
0.7704
0.7718
0.772
0.7732
0.7732
0.7742
0.775
0.7766
0.7758
0.7772
0.7782
0.7782
0.779
0.7804
0.7802
0.7816
0.7816
0.7826
0.7834
0.784
0.784
0.7842
0.7844
0.785
0.7856
0.7852
0.7858
0.7864
0.7864
0.7868
0.787
0.7872
0.7882
0.7882
0.7884
0.7886
0.7886
0.7884
0.7888
0.7894
0.79
0.7902
0.7904
0.7904
0.7904
0.7906
0.7904
0.7904
0.7906
0.7908
0.791
0.791
0.791
0.791
0.791
0.791
0.7912