443
882
1277
1654
2019
2339
2635
2887
3141
3382
3633
3859
4056
4261
4437
4610
4770
4912
5069
5194
5356
5464
5549
5715
5776
5861
5973
6062
6153
6225
6287
6363
6436
6498
6560
6602
6662
6697
6732
6787
6831
6857
6892
6942
6976
6999
7028
7077
7117
7156
7181
7198
7213
7238
7259
7284
7310
7334
7350
7368
7387
7403
7421
7438
7450
7467
7483
7499
7509
7518
7523
7539
7553
7568
7581
7599
7611
7612
7627
7638
7649
7671
7678
7682
7687
7701
7713
7722
7725
7734
7733
7738
7739
7743
7752
7761
7769
7773
7780
7789
---
7583
7144
6749
6372
6007
5687
5391
5139
4885
4644
4393
4167
3970
3765
3589
3416
3256
3114
2957
2832
2670
2562
2477
2311
2250
2165
2053
1964
1873
1801
1739
1663
1590
1528
1466
1424
1364
1329
1294
1239
1195
1169
1134
1084
1050
1027
998
949
909
870
845
828
813
788
767
742
716
692
676
658
639
623
605
588
576
559
543
527
517
508
503
487
473
458
445
427
415
414
399
388
377
355
348
344
339
325
313
304
301
292
293
288
287
283
274
265
257
253
246
237