1469
2689
3897
4940
5940
6845
7695
8479
9199
9899
10504
11053
11536
11997
12471
12877
13246
13605
13928
14264
14552
14850
15128
15384
15617
15829
16051
16239
16410
16550
16697
16833
16964
17074
17184
17324
17434
17550
17629
17723
17808
17890
17954
18013
18085
18149
18208
18274
18324
18377
18433
18497
18551
18590
18634
18663
18708
18754
18796
18832
18862
18881
18915
18943
18977
18997
19024
19051
19090
19114
19131
19152
19177
19197
19222
19236
19254
19279
19297
19314
19330
19352
19370
19391
19400
19415
19433
19440
19459
19474
19490
19503
19514
19521
19534
19545
19556
19567
19579
19589
---
18502
17282
16074
15031
14031
13126
12276
11492
10772
10072
9467
8918
8435
7974
7500
7094
6725
6366
6043
5707
5419
5121
4843
4587
4354
4142
3920
3732
3561
3421
3274
3138
3007
2897
2787
2647
2537
2421
2342
2248
2163
2081
2017
1958
1886
1822
1763
1697
1647
1594
1538
1474
1420
1381
1337
1308
1263
1217
1175
1139
1109
1090
1056
1028
994
974
947
920
881
857
840
819
794
774
749
735
717
692
674
657
641
619
601
580
571
556
538
531
512
497
481
468
457
450
437
426
415
404
392
382