2187
4208
5853
7263
8547
9653
10681
11505
12256
12897
13465
13997
14541
14971
15363
15693
15997
16276
16516
16767
16967
17173
17340
17506
17678
17803
17944
18062
18160
18247
18338
18428
18519
18608
18684
18749
18810
18870
18918
18967
19023
19059
19117
19160
19192
19253
19299
19335
19364
19392
19430
19457
19486
19509
19539
19554
19573
19601
19623
19641
19657
19671
19693
19710
19726
19743
19750
19765
19780
19792
19799
19814
19828
19845
19855
19865
19874
19880
19880
19888
19896
19906
19913
19929
19928
19934
19942
19946
19950
19956
19961
19967
19970
19972
19975
19980
19985
19989
19991
19994
---
17883
15862
14217
12807
11523
10417
9389
8565
7814
7173
6605
6073
5529
5099
4707
4377
4073
3794
3554
3303
3103
2897
2730
2564
2392
2267
2126
2008
1910
1823
1732
1642
1551
1462
1386
1321
1260
1200
1152
1103
1047
1011
953
910
878
817
771
735
706
678
640
613
584
561
531
516
497
469
447
429
413
399
377
360
344
327
320
305
290
278
271
256
242
225
215
205
196
190
190
182
174
164
157
141
142
136
128
124
120
114
109
103
100
98
95
90
85
81
79
76