0.5825
0.4155
0.444
0.482
0.526
0.5435
0.5575
0.567
0.581
0.58
0.584
0.5855
0.585
0.586
0.5855
0.5875
0.589
0.589
0.589
0.59
0.591
0.591
0.591
0.5915
0.591
0.591
0.591
0.591
0.591
0.591
0.591
0.591
0.591
0.591
0.591
0.591
0.591
0.591
0.591
0.591
0.591
0.591
0.591
0.591
0.591
0.591
0.591
0.591
0.591
0.591
0.591
0.591
0.591
0.591
0.591
0.591
0.591
0.591
0.591
0.591
0.591
0.591
0.591
0.591
0.591
0.591
0.591
0.591
0.591
0.591
0.591
0.591
0.591
0.591
0.591
0.591
0.591
0.591
0.591
0.591
0.591
0.591
0.591
0.591
0.591
0.591
0.591
0.591
0.591
0.591
0.591
0.591
0.591
0.591
0.591
0.591
0.591
0.591
0.591
0.591
---
0.565
0.4965
0.5245
0.5365
0.554
0.5575
0.5495
0.5645
0.567
0.568
0.5595
0.565
0.5575
0.567
0.5685
0.5765
0.5675
0.5835
0.5775
0.5735
0.5745
0.573
0.568
0.583
0.5795
0.5755
0.5895
0.58
0.5765
0.5755
0.58
0.576
0.5725
0.579
0.582
0.5855
0.5795
0.5865
0.5845
0.588
0.5815
0.5865
0.5885
0.589
0.593
0.594
0.5955
0.5915
0.5915
0.5945
0.5915
0.5935
0.5895
0.5935
0.594
0.592
0.592
0.5935
0.5935
0.593
0.5915
0.595
0.592
0.594
0.5975
0.5955
0.599
0.5985
0.5995
0.598
0.5965
0.601
0.5955
0.598
0.5995
0.6005
0.6
0.6005
0.601
0.6005
0.6
0.6005
0.6005
0.602
0.602
0.602
0.6035
0.603
0.603
0.6025
0.6025
0.6
0.602
0.6
0.604
0.6025
0.602
0.6015
0.602
0.6015
---
0.5665
0.5785
0.576
0.583
0.592
0.589
0.5945
0.5885
0.5875
0.5885
0.5935
0.5905
0.595
0.5955
0.5965
0.5995
0.595
0.5855
0.5905
0.5885
0.5875
0.5925
0.5885
0.59
0.59
0.59
0.591
0.598
0.595
0.5985
0.5885
0.59
0.5995
0.596
0.599
0.597
0.599
0.6005
0.5965
0.59
0.596
0.598
0.5935
0.6
0.5945
0.598
0.5915
0.596
0.5995
0.5995
0.5945
0.5995
0.5995
0.594
0.5985
0.5995
0.5975
0.5975
0.5935
0.5985
0.596
0.5935
0.5955
0.5945
0.5995
0.598
0.596
0.602
0.593
0.599
0.5975
0.6005
0.6045
0.607
0.601
0.6085
0.606
0.6055
0.605
0.602
0.6085
0.605
0.603
0.6
0.6025
0.6085
0.599
0.612
0.603
0.6015
0.608
0.6065
0.6005
0.601
0.5995
0.598
0.6015
0.607
0.6015
0.6025