263
494
763
985
1203
1412
1625
1814
1974
2127
2294
2444
2567
2676
2809
2926
3037
3146
3233
3318
3405
3510
3595
3674
3744
3823
3878
3947
4008
4063
4129
4180
4229
4296
4343
4394
4445
4491
4540
4575
4618
4664
4701
4742
4775
4819
4857
4903
4935
4968
5002
5034
5054
5085
5110
5138
5160
5179
5190
5217
5229
5245
5263
5276
5287
5296
5307
5328
5340
5350
5364
5379
5397
5410
5426
5438
5451
5464
5475
5481
5491
5499
5509
5524
5531
5542
5548
5553
5558
5564
5572
5578
5586
5596
5605
5613
5616
5622
5631
5640
---
5706
5475
5206
4984
4766
4557
4344
4155
3995
3842
3675
3525
3402
3293
3160
3043
2932
2823
2736
2651
2564
2459
2374
2295
2225
2146
2091
2022
1961
1906
1840
1789
1740
1673
1626
1575
1524
1478
1429
1394
1351
1305
1268
1227
1194
1150
1112
1066
1034
1001
967
935
915
884
859
831
809
790
779
752
740
724
706
693
682
673
662
641
629
619
605
590
572
559
543
531
518
505
494
488
478
470
460
445
438
427
421
416
411
405
397
391
383
373
364
356
353
347
338
329