164
323
493
633
796
953
1122
1236
1390
1526
1652
1782
1897
2007
2117
2223
2331
2426
2525
2623
2721
2794
2881
2956
3025
3095
3181
3252
3321
3398
3464
3524
3575
3618
3670
3721
3771
3807
3853
3900
3937
3973
4011
4054
4099
4141
4180
4213
4248
4287
4309
4345
4377
4404
4434
4465
4496
4527
4543
4568
4592
4622
4644
4679
4704
4735
4763
4785
4807
4824
4836
4848
4865
4876
4897
4906
4920
4938
4963
4977
4992
5016
5030
5047
5065
5085
5096
5113
5132
5143
5158
5175
5197
5214
5233
5243
5253
5259
5274
5287
---
5852
5693
5523
5383
5220
5063
4894
4780
4626
4490
4364
4234
4119
4009
3899
3793
3685
3590
3491
3393
3295
3222
3135
3060
2991
2921
2835
2764
2695
2618
2552
2492
2441
2398
2346
2295
2245
2209
2163
2116
2079
2043
2005
1962
1917
1875
1836
1803
1768
1729
1707
1671
1639
1612
1582
1551
1520
1489
1473
1448
1424
1394
1372
1337
1312
1281
1253
1231
1209
1192
1180
1168
1151
1140
1119
1110
1096
1078
1053
1039
1024
1000
986
969
951
931
920
903
884
873
858
841
819
802
783
773
763
757
742
729