317
621
884
1152
1394
1633
1834
2060
2279
2457
2609
2783
2914
3037
3210
3302
3409
3543
3637
3718
3831
3922
4004
4069
4139
4217
4278
4349
4406
4486
4525
4581
4642
4672
4725
4757
4793
4829
4873
4898
4934
4959
4996
5034
5057
5071
5111
5138
5158
5188
5217
5240
5257
5275
5298
5318
5338
5355
5368
5389
5392
5409
5412
5426
5434
5448
5464
5480
5491
5499
5504
5526
5532
5542
5561
5564
5579
5591
5598
5605
5615
5629
5628
5634
5646
5656
5664
5668
5672
5681
5685
5694
5702
5711
5714
5718
5721
5729
5727
5733
---
5645
5341
5078
4810
4568
4329
4128
3902
3683
3505
3353
3179
3048
2925
2752
2660
2553
2419
2325
2244
2131
2040
1958
1893
1823
1745
1684
1613
1556
1476
1437
1381
1320
1290
1237
1205
1169
1133
1089
1064
1028
1003
966
928
905
891
851
824
804
774
745
722
705
687
664
644
624
607
594
573
570
553
550
536
528
514
498
482
471
463
458
436
430
420
401
398
383
371
364
357
347
333
334
328
316
306
298
294
290
281
277
268
260
251
248
244
241
233
235
229