0.7845
0.763
0.742
0.7185
0.699
0.678
0.6645
0.648
0.6345
0.619
0.608
0.5935
0.575
0.555
0.5405
0.525
0.5155
0.505
0.4945
0.4835
0.4755
0.4655
0.4555
0.4465
0.4395
0.428
0.419
0.409
0.402
0.413
0.4225
0.433
0.438
0.4455
0.452
0.458
0.4645
0.47
0.4785
0.4875
0.4965
0.504
0.5105
0.516
0.523
0.526
0.532
0.536
0.5385
0.5445
0.548
0.5545
0.5605
0.566
0.57
0.575
0.5785
0.58
0.587
0.595
0.5985
0.602
0.6045
0.609
0.612
0.6145
0.616
0.619
0.6205
0.6225
0.6235
0.6265
0.63
0.6335
0.6365
0.641
0.644
0.646
0.6475
0.6505
0.653
0.655
0.6605
0.6635
0.664
0.6665
0.668
0.6705
0.672
0.6745
0.6765
0.678
0.6815
0.6825
0.683
0.685
0.6875
0.688
0.689
0.691
---
0.775
0.751
0.72
0.688
0.665
0.6385
0.6155
0.594
0.5685
0.546
0.5275
0.5135
0.496
0.484
0.4675
0.46
0.4425
0.4295
0.4175
0.4085
0.4245
0.432
0.4475
0.4595
0.469
0.4785
0.4855
0.494
0.502
0.5095
0.52
0.5285
0.531
0.541
0.545
0.55
0.557
0.5615
0.5685
0.575
0.5815
0.587
0.5925
0.599
0.603
0.6075
0.614
0.6175
0.62
0.6275
0.634
0.6355
0.643
0.6475
0.651
0.6565
0.6605
0.6635
0.665
0.669
0.6735
0.676
0.6805
0.684
0.686
0.689
0.691
0.6925
0.694
0.6965
0.6995
0.7045
0.707
0.7075
0.709
0.711
0.714
0.716
0.716
0.717
0.7175
0.718
0.7195
0.7205
0.7235
0.724
0.7255
0.7295
0.7295
0.732
0.7335
0.735
0.7375
0.7385
0.7395
0.741
0.7425
0.743
0.7445
0.7455
---
0.762
0.7235
0.679
0.6505
0.6205
0.596
0.5695
0.55
0.523
0.5035
0.48
0.461
0.4425
0.426
0.4165
0.4005
0.416
0.4325
0.447
0.4565
0.4705
0.4845
0.4945
0.503
0.515
0.5295
0.538
0.5475
0.554
0.563
0.5715
0.5765
0.5835
0.5885
0.592
0.6015
0.6075
0.6135
0.621
0.626
0.632
0.638
0.6425
0.644
0.651
0.654
0.6585
0.663
0.6665
0.672
0.674
0.6765
0.679
0.6815
0.6835
0.688
0.689
0.691
0.692
0.6955
0.6995
0.7
0.703
0.7065
0.7115
0.713
0.7145
0.7175
0.7205
0.722
0.7245
0.7255
0.7255
0.7275
0.7295
0.7305
0.732
0.736
0.736
0.737
0.7385
0.739
0.7415
0.7425
0.7445
0.745
0.747
0.748
0.75
0.7525
0.7535
0.7545
0.755
0.7555
0.7565
0.7575
0.7595
0.7595
0.76
0.7595