1875
3616
5048
6367
7561
8612
9550
10441
11210
11885
12508
13043
13564
14072
14493
14871
15234
15542
15820
16074
16308
16513
16737
16936
17100
17248
17422
17566
17682
17804
17907
18001
18080
18174
18256
18353
18424
18487
18553
18622
18671
18714
18769
18820
18885
18920
18972
19015
19055
19099
19140
19187
19221
19242
19275
19299
19325
19342
19361
19387
19413
19438
19455
19478
19502
19519
19542
19561
19577
19594
19604
19620
19637
19651
19672
19685
19700
19712
19729
19734
19749
19760
19771
19785
19795
19807
19817
19823
19830
19836
19840
19850
19858
19865
19867
19873
19875
19885
19889
19897
---
18136
16395
14963
13644
12450
11399
10461
9570
8801
8126
7503
6968
6447
5939
5518
5140
4777
4469
4191
3937
3703
3498
3274
3075
2911
2763
2589
2445
2329
2207
2104
2010
1931
1837
1755
1658
1587
1524
1458
1389
1340
1297
1242
1191
1126
1091
1039
996
956
912
871
824
790
769
736
712
686
669
650
624
598
573
556
533
509
492
469
450
434
417
407
391
374
360
339
326
311
299
282
277
262
251
240
226
216
204
194
188
181
175
171
161
153
146
144
138
136
126
122
114