1122
2325
3322
4267
5165
6010
6810
7524
8183
8776
9377
9902
10392
10822
11280
11714
12111
12493
12832
13156
13429
13711
13975
14246
14470
14695
14911
15110
15305
15500
15674
15834
16002
16157
16274
16425
16555
16693
16794
16894
16988
17080
17185
17269
17365
17451
17541
17613
17674
17751
17820
17892
17948
18004
18059
18105
18154
18193
18239
18284
18315
18360
18399
18438
18467
18500
18531
18562
18602
18637
18668
18693
18729
18759
18787
18816
18850
18888
18915
18937
18959
18983
19000
19019
19047
19075
19100
19117
19143
19154
19176
19184
19208
19225
19239
19251
19263
19287
19303
19319
---
18785
17582
16585
15640
14742
13897
13097
12383
11724
11131
10530
10005
9515
9085
8627
8193
7796
7414
7075
6751
6478
6196
5932
5661
5437
5212
4996
4797
4602
4407
4233
4073
3905
3750
3633
3482
3352
3214
3113
3013
2919
2827
2722
2638
2542
2456
2366
2294
2233
2156
2087
2015
1959
1903
1848
1802
1753
1714
1668
1623
1592
1547
1508
1469
1440
1407
1376
1345
1305
1270
1239
1214
1178
1148
1120
1091
1057
1019
992
970
948
924
907
888
860
832
807
790
764
753
731
723
699
682
668
656
644
620
604
588