369
745
1109
1457
1763
2012
2303
2558
2806
3030
3234
3452
3636
3813
3996
4156
4325
4485
4622
4752
4890
5009
5113
5218
5315
5422
5512
5606
5686
5763
5843
5909
5986
6062
6110
6171
6233
6292
6350
6396
6446
6500
6546
6591
6629
6671
6712
6758
6791
6827
6854
6884
6917
6949
6981
7011
7034
7062
7083
7111
7140
7156
7174
7201
7226
7245
7260
7281
7303
7317
7339
7350
7364
7380
7393
7409
7420
7436
7450
7465
7473
7487
7502
7513
7526
7539
7552
7558
7569
7583
7593
7599
7607
7612
7619
7630
7642
7646
7654
7657
---
7621
7245
6881
6533
6227
5978
5687
5432
5184
4960
4756
4538
4354
4177
3994
3834
3665
3505
3368
3238
3100
2981
2877
2772
2675
2568
2478
2384
2304
2227
2147
2081
2004
1928
1880
1819
1757
1698
1640
1594
1544
1490
1444
1399
1361
1319
1278
1232
1199
1163
1136
1106
1073
1041
1009
979
956
928
907
879
850
834
816
789
764
745
730
709
687
673
651
640
626
610
597
581
570
554
540
525
517
503
488
477
464
451
438
432
421
407
397
391
383
378
371
360
348
344
336
333