0.9615
0.674
0.6005
0.7205
0.8175
0.8665
0.9095
0.9335
0.958
0.967
0.975
0.9785
0.9795
0.9795
0.9795
0.9795
0.9795
0.9795
0.9795
0.9795
0.9795
0.9795
0.9795
0.9795
0.9795
0.9795
0.9795
0.9795
0.9795
0.9795
0.9795
0.9795
0.9795
0.9795
0.9795
0.9795
0.9795
0.9795
0.9795
0.9795
0.9795
0.9795
0.9795
0.9795
0.9795
0.9795
0.9795
0.9795
0.9795
0.9795
0.9795
0.9795
0.9795
0.9795
0.9795
0.9795
0.9795
0.9795
0.9795
0.9795
0.9795
0.9795
0.9795
0.9795
0.9795
0.9795
0.9795
0.9795
0.9795
0.9795
0.9795
0.9795
0.9795
0.9795
0.9795
0.9795
0.9795
0.9795
0.9795
0.9795
0.9795
0.9795
0.9795
0.9795
0.9795
0.9795
0.9795
0.9795
0.9795
0.9795
0.9795
0.9795
0.9795
0.9795
0.9795
0.9795
0.9795
0.9795
0.9795
0.9795
---
0.9305
0.6155
0.7125
0.833
0.875
0.9225
0.949
0.961
0.9625
0.973
0.9665
0.976
0.979
0.981
0.9805
0.98
0.981
0.981
0.981
0.9815
0.9815
0.981
0.9815
0.9815
0.9815
0.9815
0.982
0.982
0.982
0.982
0.9815
0.9815
0.982
0.982
0.982
0.982
0.982
0.982
0.982
0.982
0.982
0.982
0.982
0.982
0.982
0.982
0.982
0.982
0.982
0.982
0.982
0.982
0.982
0.982
0.982
0.982
0.982
0.982
0.982
0.982
0.982
0.982
0.982
0.982
0.982
0.982
0.982
0.982
0.982
0.982
0.982
0.982
0.982
0.982
0.982
0.982
0.982
0.982
0.982
0.982
0.982
0.982
0.982
0.982
0.982
0.982
0.982
0.982
0.982
0.982
0.982
0.982
0.982
0.982
0.982
0.982
0.982
0.982
0.982
0.982
---
0.894
0.687
0.751
0.795
0.825
0.846
0.862
0.8875
0.937
0.9335
0.919
0.8995
0.9155
0.921
0.929
0.9285
0.9315
0.943
0.958
0.951
0.954
0.953
0.9605
0.9645
0.9555
0.9615
0.9555
0.958
0.9465
0.947
0.9365
0.9335
0.924
0.929
0.914
0.925
0.9185
0.9215
0.921
0.918
0.9435
0.941
0.941
0.9455
0.9535
0.96
0.968
0.9715
0.9745
0.976
0.975
0.98
0.978
0.979
0.976
0.9815
0.9805
0.9805
0.9835
0.978
0.978
0.9795
0.9785
0.9815
0.9825
0.9805
0.9825
0.9815
0.981
0.9855
0.986
0.988
0.988
0.988
0.988
0.9885
0.9885
0.9885
0.9885
0.988
0.988
0.9885
0.9885
0.9885
0.9885
0.9885
0.9885
0.9885
0.988
0.9885
0.9885
0.9885
0.9885
0.9885
0.9885
0.9885
0.9885
0.9885
0.9885
0.9885