200
376
581
776
952
1144
1298
1458
1602
1758
1910
2053
2193
2340
2477
2595
2751
2910
3056
3203
3335
3461
3591
3713
3830
3954
4070
4196
4303
4424
4544
4656
4768
4851
4954
5053
5142
5240
5327
5428
5512
5584
5672
5762
5826
5896
5975
6048
6106
6177
6245
6300
6368
6434
6490
6549
6607
6659
6716
6768
6832
6879
6933
6965
7004
7045
7087
7122
7165
7208
7245
7292
7336
7372
7411
7453
7492
7523
7568
7599
7626
7648
7673
7707
7735
7767
7798
7829
7856
7872
7902
7923
7947
7971
7990
8017
8046
8069
8093
8118
---
9702
9526
9321
9126
8950
8758
8604
8444
8300
8144
7992
7849
7709
7562
7425
7307
7151
6992
6846
6699
6567
6441
6311
6189
6072
5948
5832
5706
5599
5478
5358
5246
5134
5051
4948
4849
4760
4662
4575
4474
4390
4318
4230
4140
4076
4006
3927
3854
3796
3725
3657
3602
3534
3468
3412
3353
3295
3243
3186
3134
3070
3023
2969
2937
2898
2857
2815
2780
2737
2694
2657
2610
2566
2530
2491
2449
2410
2379
2334
2303
2276
2254
2229
2195
2167
2135
2104
2073
2046
2030
2000
1979
1955
1931
1912
1885
1856
1833
1809
1784