2462
4438
6272
7825
9232
10522
11577
12569
13517
14422
15273
15992
16646
17170
17670
18121
18496
18892
19230
19533
19807
20053
20271
20470
20660
20883
21071
21243
21382
21516
21662
21793
21902
22018
22108
22181
22244
22315
22383
22440
22500
22569
22635
22683
22723
22761
22793
22841
22883
22930
22968
23009
23060
23113
23161
23198
23227
23262
23290
23322
23357
23398
23434
23461
23487
23520
23551
23579
23602
23631
23654
23679
23696
23719
23747
23768
23789
23813
23841
23861
23875
23895
23919
23936
23958
23974
23993
24008
24018
24029
24033
24045
24052
24054
24057
24064
24070
24079
24086
24093
---
22253
20277
18443
16890
15483
14193
13138
12146
11198
10293
9442
8723
8069
7545
7045
6594
6219
5823
5485
5182
4908
4662
4444
4245
4055
3832
3644
3472
3333
3199
3053
2922
2813
2697
2607
2534
2471
2400
2332
2275
2215
2146
2080
2032
1992
1954
1922
1874
1832
1785
1747
1706
1655
1602
1554
1517
1488
1453
1425
1393
1358
1317
1281
1254
1228
1195
1164
1136
1113
1084
1061
1036
1019
996
968
947
926
902
874
854
840
820
796
779
757
741
722
707
697
686
682
670
663
661
658
651
645
636
629
622