282
568
850
1145
1388
1670
1917
2148
2401
2604
2829
3028
3241
3445
3659
3863
4044
4221
4391
4568
4726
4889
5030
5152
5258
5390
5511
5643
5781
5918
6045
6171
6271
6385
6487
6581
6666
6744
6824
6903
6981
7053
7117
7191
7271
7325
7393
7451
7526
7596
7646
7704
7742
7781
7814
7849
7882
7923
7969
8009
8053
8114
8161
8204
8247
8291
8339
8382
8437
8475
8507
8541
8565
8595
8633
8668
8701
8723
8750
8788
8813
8834
8862
8880
8897
8912
8925
8940
8957
8975
8998
9011
9027
9037
9047
9066
9079
9092
9101
9107
---
9626
9340
9058
8763
8520
8238
7991
7760
7507
7304
7079
6880
6667
6463
6249
6045
5864
5687
5517
5340
5182
5019
4878
4756
4650
4518
4397
4265
4127
3990
3863
3737
3637
3523
3421
3327
3242
3164
3084
3005
2927
2855
2791
2717
2637
2583
2515
2457
2382
2312
2262
2204
2166
2127
2094
2059
2026
1985
1939
1899
1855
1794
1747
1704
1661
1617
1569
1526
1471
1433
1401
1367
1343
1313
1275
1240
1207
1185
1158
1120
1095
1074
1046
1028
1011
996
983
968
951
933
910
897
881
871
861
842
829
816
807
801