0.9736
0.9598
0.9494
0.9392
0.9298
0.9182
0.9052
0.893
0.8834
0.8738
0.8616
0.8502
0.8406
0.8302
0.818
0.8082
0.7966
0.7846
0.7724
0.7632
0.7532
0.7456
0.7368
0.7234
0.7128
0.7034
0.6954
0.689
0.6806
0.6722
0.6638
0.6554
0.6474
0.6372
0.6302
0.6218
0.6136
0.606
0.5986
0.5924
0.5854
0.5794
0.5708
0.564
0.5542
0.5462
0.5392
0.5318
0.5268
0.5204
0.5136
0.509
0.5018
0.4918
0.4974
0.503
0.5084
0.514
0.5192
0.5256
0.5296
0.5348
0.5394
0.5444
0.5506
0.5558
0.5604
0.565
0.5698
0.5736
0.5782
0.583
0.5868
0.5914
0.5972
0.6
0.605
0.6114
0.6166
0.62
0.6246
0.629
0.633
0.6364
0.6396
0.6424
0.646
0.6482
0.6502
0.6536
0.6568
0.6588
0.6628
0.666
0.668
0.6722
0.6752
0.6788
0.6824
0.6864
---
0.9688
0.9514
0.9348
0.916
0.8998
0.884
0.8686
0.851
0.8358
0.8168
0.8018
0.7852
0.7718
0.7584
0.7432
0.7284
0.712
0.6988
0.6862
0.6716
0.6608
0.6494
0.6386
0.6302
0.6174
0.607
0.596
0.5878
0.578
0.569
0.5572
0.5486
0.5352
0.5286
0.515
0.5074
0.5008
0.4946
0.5036
0.5122
0.5228
0.5314
0.539
0.5464
0.5528
0.5608
0.569
0.5758
0.5826
0.5894
0.5962
0.6032
0.6118
0.618
0.6212
0.6256
0.6334
0.6388
0.643
0.6496
0.6552
0.6598
0.6646
0.6696
0.6738
0.6792
0.6828
0.6854
0.6898
0.6944
0.698
0.7022
0.7066
0.7102
0.7158
0.7184
0.7222
0.7252
0.7284
0.7314
0.7348
0.739
0.741
0.7446
0.7468
0.749
0.7524
0.7562
0.7594
0.763
0.7652
0.7684
0.7706
0.774
0.7766
0.779
0.7804
0.7828
0.7846
0.7864
---
0.966
0.9426
0.9246
0.9046
0.881
0.8578
0.841
0.82
0.8032
0.7834
0.7682
0.7514
0.7354
0.7204
0.705
0.6902
0.6746
0.6602
0.6456
0.6324
0.6202
0.6086
0.5988
0.589
0.5784
0.5752
0.5658
0.5588
0.5572
0.5486
0.5484
0.5492
0.5482
0.548
0.5252
0.532
0.54
0.547
0.5554
0.5638
0.5732
0.5798
0.5868
0.5984
0.607
0.615
0.6218
0.6288
0.6364
0.6412
0.6484
0.6562
0.6608
0.6662
0.6728
0.678
0.6844
0.6896
0.6944
0.6988
0.7026
0.7076
0.7138
0.7196
0.725
0.7292
0.733
0.7368
0.7412
0.7454
0.749
0.7546
0.7604
0.764
0.7678
0.7722
0.7746
0.779
0.7822
0.7844
0.7884
0.7926
0.7948
0.7988
0.8008
0.8052
0.8074
0.8112
0.814
0.8166
0.8208
0.8232
0.8254
0.8294
0.8306
0.833
0.836
0.8372
0.8396
0.8422