94
200
280
375
456
531
600
684
766
842
917
991
1075
1151
1229
1299
1364
1440
1511
1587
1677
1759
1820
1893
1958
2039
2099
2166
2236
2305
2365
2441
2513
2574
2648
2698
2756
2828
2877
2926
2986
3038
3095
3151
3200
3249
3308
3361
3417
3486
3539
3599
3651
3711
3757
3802
3855
3915
3973
4022
4069
4119
4183
4235
4282
4334
4376
4440
4492
4538
4592
4640
4689
4730
4770
4815
4864
4899
4939
4982
5024
5082
5123
5166
5207
5253
5290
5321
5351
5380
5417
5455
5476
5500
5521
5562
5588
5621
5655
5680
---
9794
9688
9608
9513
9432
9357
9288
9204
9122
9046
8971
8897
8813
8737
8659
8589
8524
8448
8377
8301
8211
8129
8068
7995
7930
7849
7789
7722
7652
7583
7523
7447
7375
7314
7240
7190
7132
7060
7011
6962
6902
6850
6793
6737
6688
6639
6580
6527
6471
6402
6349
6289
6237
6177
6131
6086
6033
5973
5915
5866
5819
5769
5705
5653
5606
5554
5512
5448
5396
5350
5296
5248
5199
5158
5118
5073
5024
4989
4949
4906
4864
4806
4765
4722
4681
4635
4598
4567
4537
4508
4471
4433
4412
4388
4367
4326
4300
4267
4233
4208