344
713
1012
1303
1626
1918
2245
2524
2822
3109
3394
3670
3928
4194
4487
4737
5021
5297
5575
5813
6043
6269
6509
6801
7012
7232
7448
7658
7881
8080
8280
8484
8665
8877
9057
9238
9428
9624
9799
9974
10158
10328
10516
10701
10886
11061
11246
11413
11589
11734
11906
12069
12234
12380
12538
12684
12828
12972
13115
13249
13381
13525
13655
13780
13897
14027
14140
14264
14389
14503
14630
14757
14861
14970
15084
15187
15295
15407
15508
15601
15716
15822
15909
16000
16099
16196
16293
16364
16450
16541
16626
16702
16776
16847
16931
16996
17077
17150
17221
17308
---
24375
24006
23707
23416
23093
22801
22474
22195
21897
21610
21325
21049
20791
20525
20232
19982
19698
19422
19144
18906
18676
18450
18210
17918
17707
17487
17271
17061
16838
16639
16439
16235
16054
15842
15662
15481
15291
15095
14920
14745
14561
14391
14203
14018
13833
13658
13473
13306
13130
12985
12813
12650
12485
12339
12181
12035
11891
11747
11604
11470
11338
11194
11064
10939
10822
10692
10579
10455
10330
10216
10089
9962
9858
9749
9635
9532
9424
9312
9211
9118
9003
8897
8810
8719
8620
8523
8426
8355
8269
8178
8093
8017
7943
7872
7788
7723
7642
7569
7498
7411