613
1230
1831
2339
2863
3374
3846
4346
4809
5303
5740
6211
6634
7010
7398
7753
8144
8474
8818
9152
9484
9838
10140
10478
10777
11073
11377
11678
11973
12230
12493
12751
13023
13289
13508
13719
13935
14154
14346
14535
14750
14940
15132
15321
15489
15651
15809
15994
16152
16300
16445
16597
16737
16884
17003
17121
17255
17391
17488
17617
17724
17850
17966
18093
18232
18345
18438
18555
18662
18758
18859
18967
19090
19179
19271
19362
19434
19514
19584
19669
19754
19827
19891
19965
20032
20097
20177
20261
20348
20419
20501
20571
20655
20727
20796
20877
20954
20998
21056
21120
---
24134
23517
22916
22408
21884
21373
20901
20401
19938
19444
19007
18536
18113
17737
17349
16994
16603
16273
15929
15595
15263
14909
14607
14269
13970
13674
13370
13069
12774
12517
12254
11996
11724
11458
11239
11028
10812
10593
10401
10212
9997
9807
9615
9426
9258
9096
8938
8753
8595
8447
8302
8150
8010
7863
7744
7626
7492
7356
7259
7130
7023
6897
6781
6654
6515
6402
6309
6192
6085
5989
5888
5780
5657
5568
5476
5385
5313
5233
5163
5078
4993
4920
4856
4782
4715
4650
4570
4486
4399
4328
4246
4176
4092
4020
3951
3870
3793
3749
3691
3627